R1 <- R1 + 2R2
R3 <-> R2
R2 <- -6
R4 <- R4 - 4/5 R2
R1 <- R1 + 2R2
R3 <-> R2
R2 <- -6R3
R4 <- R4 - 4/5 R2
