R1 <- R1 + 2R2
r2 <- -3/5r2+6/5r3
R2 <- -3R2
r1 <-> r2
